1055939514
1061851219
1061866230
1067179023
968390689
976549805
976574481
977644947
977851425
979083114
979518789
979597485
979867194
980753833
980753873
980755647
981328187
981328213
981328251
981328254
981328265
981328267
981328291
981328311
981328338
985359980
988064593
988064594
988064595
988064596
988064608
988064639
988064640
988064683
988064700
988064701
988064702
988065158
988065159
988065160
988065261
988065868
988065948
988065974
988701726
988701727
988880634
988923276
989338223
989338226
989338229
989338242
989338260
