1000045180
1000135054
1000158594
1007724014
1017156879
1036249076
1045107747
1045865164
1048506355
1052216524
1056344071
1060147021
1068031400
968119052
968123420
968130181
968393660
968397982
968398339
969160370
969160372
969160373
969382285
971262902
976751928
978395624
979051320
979367144
979373699
979521493
979614137
979831724
979833330
979833380
979833432
979896495
979897236
979897267
979897346
979897483
979897510
979898585
980924891
981126902
981328775
984443280
984460093
984726836
984767846
985335509
985359973
985365674
985579347
985716885
985768398
985936291
986002850
986005353
986008236
986091534
