1019121107
1063981533
1064423804
1065565016
1066114505
975982219
976234001
978478374
979116589
979116593
979849955
979850099
979882564
979890068
979890074
979890075
979897447
979924315
979924331
979924342
979928400
979928401
979928403
979928405
979929821
979929822
980174372
980174373
980174375
980174377
980174382
980174384
980174385
980174387
980174390
980174391
982703925
985971939
985971946
986602413
988064622
988064688
988064690
988064692
988064693
988064697
988065166
988065167
988065173
988065174
988065175
988065177
988065178
988065185
988065204
