1000677095
1000765851
1001093711
1001204746
1001685019
1001963208
1001965683
1002127777
1002781801
1002845309
1063229012
1065370385
1065841268
1069894641
1070026931
1070697737
969147369
969160362
969160364
969160365
970817571
976781515
977577444
977673354
977673358
977673361
977673385
979518629
979833360
979833495
979896530
979896573
979896588
979896659
979896719
979896822
979896826
979896841
979897153
979897227
979897228
979919666
980057295
980179294
980725437
980929485
980943232
980971298
982176426
982882041
983126126
985312553
985745069
985748751
988880635
